3 10 5 3 24 28 20 21 11 7 12 11 29 26 2 0 8 16 20 6 11 28 19 28 24 29 21 28 16 13 20 11 17 2 29 10 14 2 21 16 17 11 
22 4 4 18 2 7 4 4 4 24 11 9 16 17 13 7 23 2 7 12 12 18 0 25 17 24 18 24 25 17 8 2 25 0 12 4 5 12 21 17 22 6 24 12 24 16 17 13 16 
18 29 21 22 15 11 16 24 18 14 17 25 13 12 12 0 15 26 10 22 27 16 18 12 9 18 12 15 1 12 11 8 9 22 0 5 25 15 21 24 13 22 22 20 9 25 13 
12 16 13 28 18 16 11 1 4 6 8 24 9 23 24 21 28 26 17 8 28 15 19 17 15 12 12 28 8 29 25 8 11 2 21 9 18 25 18 19 17 8 21 28 24 21 12 11 16 
25 25 28 26 21 2 12 25 16 12 18 10 16 27 20 6 16 29 24 23 23 21 6 1 25 20 21 29 20 8 8 15 21 9 8 12 12 15 10 21 21 9 7 28 9 21 2 25 18 12 12 9 24 12 
12 8 27 24 18 6 9 4 23 24 10 1 10 6 10 23 20 7 20 11 21 8 21 2 8 28 10 15 12 6 25 29 16 18 10 20 2 17 21 8 25 29 17 4 6 7 6 21 17 28 25 18 28 27 28 10 28 16 3 27 26 21 16 0 4 17 15 
13 8 6 25 6 20 25 12 21 7 12 20 28 5 21 16 28 10 29 13 13 16 13 22 2 28 16 0 24 12 25 28 24 28 0 23 28 16 29 0 22 1 6 1 18 21 10 28 2 16 
2 10 21 20 12 24 8 15 18 7 4 0 7 2 22 4 2 15 2 17 0 21 17 22 16 20 21 10 24 21 21 7 28 16 18 2 12 28 18 9 5 24 15 7 12 12 2 
20 4 24 9 8 16 21 25 12 12 28 24 21 4 8 9 18 18 12 16 16 19 12 2 1 21 9 17 25 13 24 8 28 
0 6 13 28 7 4 20 1 21 0 24 0 6 26 20 4 4 20 24 7 12 29 23 6 6 27 4 4 23 21 21 28 18 1 27 7 21 9 25 6 7 9 10 22 4 11 6 18 14 4 12 28 9 17 20 
12 18 18 22 18 24 13 21 22 6 15 12 17 11 0 13 21 28 17 25 25 25 16 24 24 28 19 24 28 17 7 24 16 13 23 9 22 5 17 18 22 6 11 24 18 9 2 12 12 13 28 25 
25 21 9 2 12 7 12 20 17 20 6 1 13 13 22 18 12 23 18 18 8 28 24 2 18 28 13 24 0 7 20 28 4 21 9 16 8 17 5 18 18 7 18 29 9 23 10 23 20 1 19 21 25 18 
21 28 22 27 12 29 28 8 12 12 9 9 10 26 28 4 12 25 9 11 23 10 7 6 11 13 19 23 24 5 8 7 0 2 27 6 23 29 12 7 23 6 13 13 2 12 16 28 6 
18 21 16 12 2 25 24 26 1 15 17 11 16 14 13 25 10 29 21 14 12 18 13 12 15 12 5 17 24 15 16 24 27 24 24 28 27 27 
20 6 28 23 10 4 9 28 0 7 2 9 12 4 24 27 12 0 21 9 9 0 7 4 5 9 6 28 2 1 10 0 2 18 12 23 7 6 15 11 
11 26 17 20 9 20 18 10 12 19 16 12 19 21 28 21 25 12 18 22 18 1 13 9 12 18 8 23 10 6 2 11 28 6 16 21 22 7 2 11 12 18 29 28 22 25 22 12 8 
1 9 20 20 21 27 21 12 18 10 2 27 26 22 17 21 12 16 1 25 4 29 12 12 12 25 3 16 7 16 24 15 24 10 28 6 12 0 11 18 27 20 24 24 14 17 18 1 6 
12 2 7 0 23 10 18 18 9 18 9 18 17 12 18 9 24 25 21 11 24 29 9 25 0 13 11 22 0 17 18 17 9 16 9 9 7 1 14 12 22 5 29 2 7 25 24 17 28 21 11 
4 18 20 12 26 24 17 24 17 14 2 12 12 29 13 6 10 23 25 1 16 12 22 21 5 25 25 17 25 7 2 18 23 10 12 8 10 1 17 12 27 22 
1 0 7 28 23 6 27 12 16 9 16 2 26 4 18 9 8 24 18 9 11 9 10 12 21 28 17 17 15 9 20 9 7 16 12 4 19 9 
